[redshift]
temp-day=3500
temp-night=3500
transition=1

location-provider=manual

[manual]
lat=22.5410800000
lon=113.9394000000

